Term	PValue
GO:0031224	0.00601165111070368
GO:0016020	0.0077825481715711
GO:0016021	0.0131666587329495
GO:0044425	0.0229859339325817
